0 
0 Name: Neues Modell.ldr
0 Author: 
1 0 0 -8 -10 1 0 0 0 1 0 0 0 1 371026.dat
1 0 0 -8 60 1 0 0 0 1 0 0 0 1 u8200.dat
0 STEP
1 0 0 -16 60 0 0 1 0 1 0 -1 0 0 4758.dat
0 STEP
1 0 0 -32 120 -1 0 0 0 1 0 0 0 -1 3787.dat
1 0 0 -24 30 1 0 0 0 1 0 0 0 1 3829c01.dat
0 STEP
0 !LEOCAD PIECE PIVOT  0 0 0 1 0 0 0 1 0 0 0 1
1 0 0 -40 10 1 0 0 0 1 0 0 0 1 6227.dat
1 0 0 -48 130 1 0 0 0 1 0 0 0 1 6227.dat
0 STEP
1 0 0 -56 130 1 0 0 0 1 0 0 0 1 371026.dat
0 STEP
1 23 0 -8 120 1 0 0 0 1 0 0 0 1 4600.dat
1 23 0 -8 20 1 0 0 0 1 0 0 0 1 4600.dat
0 STEP
1 23 30.2611 -3.2956 120 0 0 -1 0 1 0 1 0 0 4624c01.dat
1 23 30.2611 -3.2956 20 0 0 -1 0 1 0 1 0 0 4624c01.dat
1 23 -30 -3.2956 20 0 0 1 0 1 0 -1 0 0 4624c01.dat
1 23 -30 -3.2956 120 0 0 1 0 1 0 -1 0 0 4624c01.dat
0 STEP
0 !LEOCAD GROUP BEGIN Minifig #1
1 4 -100 -96.08 80 1 0 0 0 1 0 0 0 1 13792.dat
1 14 -100 -96.08 80 1 0 0 0 1 0 0 0 1 3626bp01.dat
1 7 -100 -72 80 1 0 0 0 1 0 0 0 1 4736.dat
1 1 -100 -72 80 1 0 0 0 1 0 0 0 1 973.dat
1 0 -100 -40 80 1 0 0 0 1 0 0 0 1 3815.dat
1 4 -84.448 -63.12 80 0.985435 0.170055 0 -0.170055 0.985435 0 0 0 1 3819.dat
1 4 -115.552 -63.12 80 0.985435 -0.170055 0 0.170055 0.985435 0 0 0 1 57588.dat
1 14 -76.2898 -45.247 70 0.985435 0.120247 -0.120247 -0.170055 0.696808 -0.696808 0 0.707107 0.707107 3820.dat
1 14 -123.7102 -45.247 70 0.985435 -0.120247 0.120247 0.170055 0.696808 -0.696808 0 0.707107 0.707107 95321.dat
1 7 -126.773 -27.4986 82.6955 0.985435 -0.085027 0.147272 0.170055 0.492717 -0.853411 0 0.866025 0.5 71184.dat
1 0 -100 -28 80 1 0 0 0 1 0 0 0 1 3817.dat
1 0 -100 -28 80 1 0 0 0 1 0 0 0 1 3816.dat
0 !LEOCAD GROUP END
0 !LEOCAD CAMERA FOV 30 ZNEAR 25 ZFAR 50000
0 !LEOCAD CAMERA POSITION 88.7218 -258.222 -5.12926
0 !LEOCAD CAMERA TARGET_POSITION -24.5422 -15.2131 50.5317
0 !LEOCAD CAMERA UP_VECTOR 0.0858736 -0.184242 0.979122
0 !LEOCAD CAMERA NAME Camera 2
0 !LEOCAD CAMERA FOV 30 ZNEAR 25 ZFAR 50000
0 !LEOCAD CAMERA POSITION 4.05139 308.929 14.5107
0 !LEOCAD CAMERA TARGET_POSITION -47.0145 -10.2645 114.405
0 !LEOCAD CAMERA UP_VECTOR -0.419381 0.331573 0.845091
0 !LEOCAD CAMERA NAME Camera 3
0 !LEOCAD CAMERA FOV 30 ZNEAR 25 ZFAR 50000
0 !LEOCAD CAMERA POSITION -28.3903 64.5419 100.55
0 !LEOCAD CAMERA TARGET_POSITION -173.367 54.2238 20.0567
0 !LEOCAD CAMERA UP_VECTOR -0.420495 -0.40915 0.809802
0 !LEOCAD CAMERA NAME Camera 4
