0 FILE OneWheel.ldr
0 
0 Name: Neues Modell.ldr
0 Author: 
1 7 125 0 36.6987 0.866025 0 0.5 0 1 0 -0.5 0 0.866025 Untermodell #1.ldr
1 7 175 0 123.3013 -0.5 0 0.866025 0 1 0 -0.866025 0 -0.5 3673.dat
1 7 130 0 0 1 0 0 0 1 0 0 0 1 Untermodell #1.ldr
1 7 130 0 100 0 0 1 0 1 0 -1 0 0 3673.dat
1 7 155 0 6.6987 0.866025 0 -0.5 0 1 0 0.5 0 0.866025 Untermodell #1.ldr
1 7 105 0 93.3013 0.5 0 0.866025 0 1 0 -0.866025 0 0.5 3673.dat
1 7 173.3013 0 25 0.5 0 -0.866026 0 1 0 0.866026 0 0.5 Untermodell #1.ldr
1 7 86.6987 0 75 0.866026 0 0.5 0 1 0 -0.5 0 0.866026 3673.dat
1 7 180.0001 0 50 0 0 -1 0 1 0 1 0 0 Untermodell #1.ldr
1 7 79.9999 0 50 1 0 0 0 1 0 0 0 1 3673.dat
1 7 173.3014 0 75.0001 -0.5 0 -0.866025 0 1 0 0.866025 0 -0.5 Untermodell #1.ldr
1 7 86.6986 0 25 0.866025 0 -0.5 0 1 0 0.5 0 0.866025 3673.dat
1 7 155.0001 0 93.3014 -0.866026 0 -0.5 0 1 0 0.5 0 -0.866026 Untermodell #1.ldr
1 7 104.9999 0 6.6987 0.5 0 -0.866026 0 1 0 0.866026 0 0.5 3673.dat
1 7 140 0 110 1 0 0 0 1 0 0 0 1 Untermodell #2.ldr
0 NOFILE
0 FILE Untermodell #1.ldr
0 
0 Name: Untermodell #1.ldr
0 Author: 
1 7 0 0 200 0 0 -1 0 1 0 1 0 0 22253c02.dat
1 7 0 0 100 0 0 1 0 1 0 -1 0 0 3673.dat
0 NOFILE
0 FILE Untermodell #2.ldr
0 
0 Name: Untermodell #2.ldr
0 Author: 
1 7 -30 -64 -80 0 0 1 0 1 0 -1 0 0 Untermodell #1.ldr
0 NOFILE
