0 FILE Neues Modell.ldr
0 
0 Name: Neues Modell.ldr
0 Author: 
1 7 70 0 290 0 0 -1 0 1 0 1 0 0 test1.ldr
1 7 95.9808 0 165 -0.5 0 -0.866025 0 1 0 0.866025 0 -0.5 test1.ldr
1 7 180.9808 0 69.7373 -0.866026 0 -0.5 0 1 0 0.5 0 -0.866026 test1.ldr
1 7 294.9039 0 29.7373 -1 0 0 0 1 0 0 0 -1 test1.ldr
1 7 104.641 0 410 0.5 0 -0.866025 0 1 0 0.866025 0 0.5 test1.ldr
1 7 200.6217 0 494.282 0.866026 0 -0.5 0 1 0 0.5 0 0.866026 test1.ldr
1 7 330.5255 0 529.282 1 0 0 0 1 0 0 0 1 test1.ldr
1 7 460 0 495.3589 0.866025 0 0.5 0 1 0 -0.5 0 0.866025 test1.ldr
1 7 547.9423 0 403.0384 0.5 0 0.866026 0 1 0 -0.866026 0 0.5 test1.ldr
1 7 577.9423 0 276.4359 0 0 1 0 1 0 -1 0 0 test1.ldr
1 7 543.9232 0 157.5129 -0.5 0 0.866025 0 1 0 -0.866025 0 -0.5 test1.ldr
1 7 444.6412 0 65.5514 -0.866026 0 0.5 0 1 0 -0.5 0 -0.866026 test1.ldr
1 7 -218.9914 -251.0086 290 0 -1 0 0 0 -1 1 0 0 test1.ldr
1 7 -218.9914 -225.0277 165.0001 0 -1 0 -0.5 0 -0.866025 0.866025 0 -0.5 test1.ldr
1 7 -218.9914 -140.0279 69.737 0 -1 0 -0.866026 0 -0.5 0.5 0 -0.866026 test1.ldr
1 7 -218.9914 -26.1047 29.7373 0 -1 0 -1 0 0 0 0 -1 test1.ldr
1 7 -218.9914 -216.3675 409.9999 0 -1 0 0.5 0 -0.866025 0.866025 0 0.5 test1.ldr
1 7 -218.9914 -120.387 494.2822 0 -1 0 0.866026 0 -0.5 0.5 0 0.866026 test1.ldr
1 7 -218.9914 9.5169 529.282 0 -1 0 1 0 0 0 0 1 test1.ldr
1 7 -218.9914 138.9914 495.3588 0 -1 0 0.866025 0 0.5 -0.5 0 0.866025 test1.ldr
1 7 -218.9914 226.934 403.0385 0 -1 0 0.5 0 0.866026 -0.866026 0 0.5 test1.ldr
1 7 -218.9914 256.9337 276.4359 0 -1 0 0 0 1 -1 0 0 test1.ldr
1 7 -218.9914 222.9145 157.513 0 -1 0 -0.5 0 0.866025 -0.866025 0 -0.5 test1.ldr
1 7 -218.9914 123.6327 65.5511 0 -1 0 -0.866026 0 0.5 -0.5 0 -0.866026 test1.ldr
1 7 338.8472 -251.0086 782.1613 1 0 0 0 0 -1 0 1 0 test1.ldr
1 7 213.8474 -225.0277 782.1613 0.866025 0 -0.5 -0.5 0 -0.866025 0 1 0 test1.ldr
1 7 118.5839 -140.0281 782.1613 0.5 0 -0.866026 -0.866026 0 -0.5 0 1 0 test1.ldr
1 7 78.5846 -26.1047 782.1613 0 0 -1 -1 0 0 0 1 0 test1.ldr
1 7 458.8472 -216.3675 782.1613 0.866025 0 0.5 0.5 0 -0.866025 0 1 0 test1.ldr
1 7 543.1298 -120.3872 782.1614 0.5 0 0.866026 0.866026 0 -0.5 0 1 0 test1.ldr
1 7 578.1292 9.5169 782.1614 0 0 1 1 0 0 0 1 0 test1.ldr
1 7 544.206 138.9913 782.1613 -0.5 0 0.866025 0.866025 0 0.5 0 1 0 test1.ldr
1 7 451.8859 226.9344 782.1613 -0.866026 0 0.5 0.5 0 0.866025 0 1 0 test1.ldr
1 7 325.2831 256.9337 782.1613 -1 0 0 0 0 1 0 1 0 test1.ldr
1 7 206.3602 222.9146 782.1613 -0.866025 0 -0.5 -0.5 0 0.866025 0 1 0 test1.ldr
1 7 114.3981 123.6329 782.1613 -0.5 0 -0.866026 -0.866026 0 0.5 0 1 0 test1.ldr
0 NOFILE
0 FILE test1.ldr
0 
0 Name: test1.ldr
0 Author: 
1 7 0 -8 0 -1 0 0 0 0 1 0 1 0 53792.dat
0 NOFILE
